A_v_BP-RP = 0.4009087264466123
A_v_U-BP = 4.698485005504421
